1 0.6197944024704682 0.4537037037037037 0.22706969179108955 0.41850399419026874
1 0.7416602561158568 0.2759302519050947 0.08747627139401738 0.35923297061661846
1 0.3822916090159182 0.5796307960912248 0.7645750480971959 0.848131290896708
4 0.3958333333333333 0.48703703703703705 0.07082516339869281 0.11480029048656501
4 0.7833333333333333 0.2555555555555556 0.06249183006535949 0.09628177196804649
4 0.9395833333333333 0.6611111111111111 0.06249183006535949 0.15183732752360204
4 0.65 0.057407407407407414 0.04999183006535948 0.1073928830791576
4 0.290625 0.5981481481481482 0.06457516339869282 0.12961510530137982
4 0.765625 0.6648148148148149 0.06457516339869282 0.15183732752360204
4 0.296875 0.32222222222222224 0.04790849673202615 0.06665214233841686
9 0.7708333333333334 0.5481481481481482 0.3999918300653595 0.577763253449528
9 0.8854187091503268 0.5796296296296296 0.09166258169934641 0.15183732752360204
