6 0.5385419354145166 0.5445015662428598 0.097906991744066 0.19245992260917633
6 0.7489606469142384 0.7833094856532357 0.1187298255745084 0.21104306573056578
6 0.37812140376984127 0.8370409575311399 0.10206572420634921 0.18515873262057891
6 0.5052071367547759 0.7833327281529897 0.07290603899044795 0.15923989348825957
6 0.5958329656615571 0.6796303175990676 0.06248518807987094 0.1296051055426055
6 0.5572893530857617 0.25556828485736205 0.14372982557450834 0.21475796889167886
6 0.7322880692203593 0.5333321788572131 0.06039991519912817 0.09627306246437357
6 0.8427173032407408 0.17962468732348907 0.2187216435185185 0.3592348503187283
6 0.7416646867546214 0.20924652995745277 0.07915059443947522 0.13698019111390114
6 0.6625 0.15186140505584952 0.0999751984126983 0.09623309817754262
12 0.39375076178635854 0.47222117261792307 0.249985373701916 0.5221966818509423
