11 0.5010416666666666 0.5018518518518519 1.0020751633986928 1.0036891793754539
4 0.1 0.14074074074074075 0.19999183006535948 0.28146695715323167
4 0.853125 0.6425925925925926 0.11040849673202614 0.2925780682643428
4 0.615625 0.8814814814814815 0.21457516339869281 0.24442992011619466
4 0.16145833333333334 0.46851851851851856 0.10207516339869281 0.21850399419026872
4 0.23333333333333334 0.6333333333333333 0.1499918300653595 0.1851706608569354
4 0.54375 0.5407407407407407 0.16249183006535947 0.31109658678286134
4 0.6145833333333334 0.18703703703703706 0.07915849673202616 0.15183732752360204
4 0.6572916666666666 0.5314814814814816 0.1562418300653595 0.16665214233841688
4 0.28020833333333334 0.32962962962962966 0.24790849673202614 0.2962817719680465
4 0.5083333333333333 0.29074074074074074 0.12082516339869281 0.2110965867828613
4 0.390625 0.4962962962962963 0.12707516339869282 0.1925780682643428
4 0.6927083333333334 0.7277777777777779 0.08957516339869281 0.14442992011619465
4 0.409375 0.26666666666666666 0.11874183006535949 0.2888743645606391
4 0.528125 0.11111111111111112 0.06874183006535949 0.2073928830791576
