6 0.671875 0.7481481481481482 0.11040849673202614 0.14072621641249095
6 0.6614583333333334 0.5166666666666667 0.06874183006535949 0.07776325344952797
6 0.6041666666666666 0.22777777777777777 0.06665849673202615 0.0999854756717502
6 0.6718742867517378 0.2537127565384348 0.06457373690216824 0.11478218481710291
6 0.5531535947712418 0.6425867169546662 0.06451797385620915 0.10736842301608615
6 0.6427117733058134 0.9390704429920117 0.060401616787065744 0.12925199709513438
6 0.5083356469142384 0.5314834311055241 0.09997982557450845 0.15183072607491213
6 0.5208324397953996 0.3018415414823574 0.11665634133943314 0.15921710535920233
6 0.3739601161112789 0.7759787087912089 0.08957074901842343 0.14431852869352874
6 0.34270888233619273 0.9092092357187697 0.07707072519870117 0.11468338041431266
6 0.7249988060046654 0.10000147892960295 0.12082164474742593 0.17775684077437914
6 0.8718734787810777 0.3574563746438747 0.0854047210949189 0.15912571225071226
12 0.39687328639082753 0.47777166923868314 0.2228955840810901 0.45178176440329215
