11 0.5010416666666666 0.5018518518518519 1.0020751633986928 1.0036891793754539
4 0.09375 0.15 0.1874918300653595 0.2999854756717502
4 0.8427083333333333 0.6462962962962964 0.12707516339869282 0.2999854756717502
4 0.13333333333333333 0.4777777777777778 0.19582516339869283 0.21480029048656502
4 0.6239583333333333 0.2388888888888889 0.13540849673202615 0.17405954974582427
4 0.36041666666666666 0.5351851851851852 0.1708251633986928 0.12220769789397243
4 0.22916666666666666 0.6129629629629629 0.15832516339869282 0.25554103122730576
4 0.26666666666666666 0.37222222222222223 0.22915849673202615 0.27776325344952796
4 0.6177083333333333 0.8870370370370371 0.23540849673202616 0.23331880900508353
4 0.43645833333333334 0.7851851851851852 0.1770751633986928 0.16294843863471317
4 0.41354166666666664 0.3092592592592593 0.15207516339869281 0.33702251270878725
4 0.5375 0.16111111111111112 0.10415849673202615 0.20368917937545392
4 0.471875 0.337037037037037 0.08957516339869281 0.17776325344952798
4 0.45416666666666666 0.13703703703703704 0.04999183006535948 0.16294843863471317
4 0.6239583333333333 0.5351851851851852 0.13540849673202615 0.20368917937545392
4 0.5624979575163399 0.5722222222222223 0.1416625816993464 0.2851706608569354
