6 0.5510439112954487 0.5685000321502057 0.09373637331553517 0.19623038837448561
6 0.58125 0.2814853524092655 0.145787037037037 0.15552768487551097
6 0.7593744311070656 0.2185221138103456 0.07707333029923771 0.14071363777158283
6 0.681259531590414 0.17221631373290477 0.07913943355119823 0.09255924245288964
6 0.5229154918546366 0.7852320326278659 0.06248668546365916 0.13319554673721343
6 0.3947918937742248 0.8500095532039977 0.10207076671511625 0.1740108759553204
6 0.6104206220922277 0.7018574914892745 0.06664977593048711 0.10737459497149421
6 0.6260423900462962 0.5277598655202823 0.04787181712962957 0.07029045414462082
6 0.7447967659001214 0.5444439939708616 0.0645645966150577 0.10368541447623886
6 0.7604232327279202 0.8037019863000255 0.11246683582621084 0.18516359496751653
6 0.8812763516865079 0.6129608166717542 0.058255828373015815 0.1518272092490843
6 0.8427118351118513 0.0796069507007007 0.1437322019697343 0.15178146896896896
6 0.9229255280671296 0.2648163817357704 0.10830475983796291 0.2259064762086681
12 0.4260499855324074 0.48703284785350887 0.28122034143518515 0.5295872723295119
