9 0.4394838588588589 0.5222262850828011 0.02478228228228231 0.044366437521330016
9 0.43645996093749995 0.579621913580247 0.022887369791666678 0.04067901234567907
9 0.6124965122767856 0.5593055555555555 0.024974423363095254 0.04430555555555558
9 0.675 0.5629243827160494 0.024956597222222144 0.04429012345679016
9 0.875009765625 0.7443963206627682 0.024954427083333286 0.044309210526315757
9 0.8958333333333334 0.8166160870516186 0.024967447916666666 0.0406104184893555
9 0.8208441840277778 0.7555507330246914 0.024956597222222262 0.04437692901234572
9 0.8187472873263888 0.7074570105820106 0.024972873263888928 0.044312169312169344
9 0.7854248046875 0.6444444444444445 0.024951171875 0.044328703703703703
9 0.9562554253472223 0.862983630952381 0.024967447916666666 0.04437003968253971
