14 0.3343770424836601 0.24814814814814815 0.6687459150326798 0.4962817719680465
11 0.8239583333333333 0.5 0.3562418300653595 0.8370225127087872
14 0.4010416666666667 0.40370370370370373 0.5437418300653595 0.4888743645606391
14 0.20833333333333334 0.6907407407407408 0.13749183006535948 0.20368917937545392
4 0.13854166666666667 0.5092592592592593 0.06457516339869282 0.20368917937545392
4 0.11354166666666667 0.43333333333333335 0.10207516339869281 0.13331880900508353
4 0.4385396241830065 0.19074074074074074 0.052079248366013076 0.12220769789397243
4 0.9333333333333333 0.35555555555555557 0.10415849673202615 0.17776325344952798
4 0.778125 0.17777777777777778 0.043741830065359484 0.06665214233841686
4 0.496875 0.75 0.12707516339869282 0.0999854756717502
4 0.9770833333333333 0.762962962962963 0.04999183006535948 0.09628177196804649
4 0.8583333333333333 0.17777777777777778 0.04999183006535948 0.11109658678286131
