6 0.38751470588235293 0.8296364914521297 0.10411274509803921 0.1703353610719007
6 0.5176948276817376 0.7759321010738988 0.07287857380319149 0.13700529562222413
6 0.5427049635524499 0.5444565258428664 0.08956527130779843 0.19994185827009484
6 0.7562410300925926 0.7722236654021662 0.10830497685185184 0.19627764949511614
6 0.6031241053023363 0.6833328091661425 0.07290080069476255 0.129608231274898
6 0.7479024793179984 0.5832715633423181 0.3041206366020984 0.23319232305081367
6 0.5656330549299299 0.24446620190927362 0.14371981356356353 0.1999277741889176
6 0.67082917597914 0.15739647633744858 0.08330572850149001 0.11475437242798354
6 0.7749771148989899 0.2407589093453919 0.1374416035353536 0.22955022609819123
6 0.8635111813822751 0.17592108883901314 0.177014095568783 0.34440338295109596
12 0.42185505369077114 0.4685115039281706 0.289532646241646 0.5295995670995671
