4 0.7708332795208247 0.5333385621580066 0.0749913541236167 0.10367854881743777
1 0.7239583333333334 0.587037037037037 0.08124183006535948 0.4036891793754539
1 0.6104166666666666 0.7074074074074075 0.2333251633986928 0.5185039941902687
4 0.628124983853884 0.3333560794044665 0.08124179777312766 0.14066675856998437
1 0.330199525122549 0.7296296296296296 0.6603908803104575 0.5481336238198984
4 0.709375 0.16481481481481483 0.06457516339869282 0.09998547567175019
4 0.30416666666666664 0.08148148148148149 0.06665849673202615 0.08146695715323168
4 0.2510396241830065 0.23148148148148148 0.05624591503267974 0.07035584604212057
4 0.05416666666666667 0.10555555555555556 0.04999183006535948 0.06294843863471315
4 0.2833333333333333 0.5981481481481482 0.04582516339869282 0.06294843863471317
11 0.7614583333333333 0.762962962962963 0.3562418300653595 0.4370225127087872
4 0.7572916666666667 0.9407407407407408 0.05624183006535948 0.12591140159767614
4 0.9302083333333333 0.9444444444444445 0.03957516339869282 0.11850399419026872
