1 0.351041565803276 0.7277777777777779 0.7020749616719115 0.551837327523602
1 0.6104570932539682 0.7648302469135803 0.2290739087301588 0.3888139329805996
1 0.7218623737373737 0.5759408068783068 0.08121572871572873 0.37402667548500884
4 0.7083333333333334 0.16481481481481483 0.058325163398692814 0.07776325344952797
4 0.37604166666666666 0.7740740740740741 0.08124183006535948 0.13331880900508353
4 0.7645833333333333 0.5314814814814816 0.058325163398692814 0.08517066085693538
4 0.6239583333333333 0.3574074074074074 0.07290849673202615 0.12961510530137982
11 0.7447916666666666 0.7518518518518519 0.36457516339869284 0.42220769789397244
4 0.7552083333333334 0.9444444444444445 0.06040849673202615 0.11109658678286131
4 0.93125 0.9425925925925926 0.04165849673202615 0.12220769789397243
4 0.28541666666666665 0.6037037037037037 0.058325163398692814 0.07405954974582427
4 0.303125 0.07407407407407407 0.06457516339869282 0.09628177196804649
4 0.25 0.22037037037037038 0.05415849673202615 0.07776325344952797
4 0.057291666666666664 0.10740740740740741 0.04790849673202614 0.07405954974582425
