2 0.5375 0.9055555555555556 0.058325163398692814 0.07776325344952797
2 0.9864583333333333 0.6592592592592593 0.031241830065359483 0.17035584604212056
2 0.7604166666666666 0.638888888888889 0.09165849673202615 0.15924473493100946
2 0.9135416666666667 0.6592592592592593 0.08540849673202615 0.11109658678286131
2 0.8604164784613921 0.6703661440522422 0.04165757338024593 0.08145564056492592
6 0.81875 0.1925925925925926 0.07082516339869281 0.11109658678286131
6 0.646875 0.20370370370370372 0.027075163398692818 0.08146695715323168
6 0.9260416666666667 0.26296296296296295 0.03540849673202615 0.051837327523602046
6 0.934375 0.37777777777777777 0.031241830065359483 0.04442992011619464
6 0.9291587921626984 0.3722338997682229 0.029139012896825398 0.04070023887233339
6 0.8489583333333334 0.912962962962963 0.03957516339869282 0.06294843863471317
6 0.8458339146205356 0.914813850308642 0.041649228050595254 0.059199459876543244
6 0.8885416666666667 0.37962962962962965 0.027075163398692818 0.07035584604212057
6 0.7645833333333333 0.38703703703703707 0.03332516339869282 0.048133623819898344
6 0.6645833333333333 0.5277777777777778 0.02915849673202615 0.04072621641249094
6 0.634375 0.5722222222222223 0.027075163398692818 0.04072621641249094
6 0.5135416666666667 0.7111111111111111 0.03540849673202615 0.051837327523602046
6 0.5375 0.4444444444444445 0.03332516339869282 0.04442992011619464
12 0.49270818463710186 0.37777063418491613 0.13540229269762716 0.1703324927151966
