4 0.7697858257774596 0.5222307847990909 0.06873011612184841 0.11844067691062232
4 0.6323540722150259 0.3518462122144293 0.08111439443005182 0.15552274311964237
1 0.7229166666666667 0.5925925925925926 0.08332516339869282 0.42220769789397244
1 0.609375 0.7314792522728736 0.23124183006535948 0.4629439802174973
1 0.3593726286418522 0.6722222222222223 0.7187370873490639 0.6629484386347132
4 0.24687499999999998 0.22962962962962963 0.06040849673202615 0.08146695715323168
4 0.30416666666666664 0.07592592592592592 0.07082516339869281 0.1073928830791576
4 0.058333333333333334 0.10185185185185186 0.06249183006535949 0.07035584604212056
4 0.715625 0.17592592592592593 0.04790849673202615 0.0925780682643428
11 0.7458333333333333 0.7611111111111112 0.3791584967320262 0.44072621641249093
4 0.44166666666666665 0.9314814814814815 0.04582516339869282 0.07776325344952797
4 0.7614583333333333 0.9370370370370371 0.052075163398692816 0.11850399419026872
