7 0.5250087738948626 0.2592065045017393 0.1874712514934289 0.08876291692244731
7 0.4645854505420054 0.3667394105665711 0.1291624322493225 0.08869767635199732
7 0.4406159916073709 0.5519032472157471 0.12705505382229518 0.08876019813519813
4 0.38021165074309976 0.6592822207287934 0.06457669851380043 0.08881907108721626
7 0.3750000661533169 0.2759752229080933 0.16249169775872563 0.0850522976680384
7 0.18750871235246233 0.41481481481481486 0.08330446174196175 0.09606481481481483
4 0.19165442809270025 0.5852007716049383 0.06245937298126615 0.05921327160493827
4 0.8322937925170069 0.5852141203703703 0.047912414965986375 0.05167824074074074
4 0.23128049345355728 0.5037107011527774 0.05826411190711461 0.06663809025787483
7 0.6166662133827151 0.17036723921989624 0.07499079329929473 0.09624888173197353
4 0.8906235174903555 0.6500026108785951 0.05207131034302996 0.055535752287720765
