6 0.784375 0.5574074074074075 0.09790849673202615 0.11480029048656501
6 0.5760416666666667 0.55 0.11457516339869282 0.24072621641249095
6 0.65 0.5481481481481482 0.037491830065359485 0.06665214233841686
6 0.5895836206862086 0.23333845864366035 0.1624897802325209 0.2592254181691549
6 0.3937553736772487 0.8944448056326091 0.10829778439153437 0.1740568173062104
6 0.5364668793066322 0.8370382030178327 0.08538746231696806 0.1555235939643348
6 0.6354164325613967 0.7296439495050606 0.07082411162139278 0.1406870759648537
6 0.7135384652816195 0.1407661362468905 0.08956578974327449 0.14807946484742496
6 0.8052082734206045 0.20007073045267487 0.08124000655684907 0.2072402263374485
12 0.42396106006224815 0.4888864587728224 0.30623375206894066 0.599979835207108
