14 0.35104166666666664 0.31666666666666665 0.7020751633986928 0.6333188090050835
11 0.07083350327139717 0.08705070327375469 0.14165802665773689 0.1740191020207604
11 0.8322916666666667 0.5277777777777778 0.3395751633986928 0.7222076978939724
14 0.40729166666666666 0.5481481481481482 0.5729084967320262 0.4962817719680465
14 0.19895833333333332 0.8166666666666667 0.13540849673202615 0.2110965867828613
4 0.13125 0.6425925925925926 0.06665849673202615 0.18887436456063908
4 0.10729166666666666 0.5611111111111111 0.11040849673202614 0.15924473493100946
4 0.49166666666666664 0.8740740740740741 0.12499183006535948 0.09628177196804649
4 0.9291666666666667 0.49259259259259264 0.09582516339869282 0.1851706608569354
4 0.7739583333333333 0.3037037037037037 0.043741830065359484 0.08146695715323168
4 0.4302083333333333 0.3111111111111111 0.06040849673202615 0.14813362381989834
4 0.9708333333333333 0.5666666666666667 0.04165849673202615 0.12591140159767614
4 0.9770833333333333 0.8907407407407407 0.04999183006535948 0.08517066085693538
