1 0.315625 0.7166666666666667 0.6312418300653595 0.5740595497458243
1 0.7229166666666667 0.5833333333333334 0.07915849673202616 0.4110965867828613
1 0.63125 0.7611111111111112 0.17915849673202616 0.3888743645606391
4 0.6343784446649029 0.33888957617269516 0.08955164241622574 0.16665065295398018
4 0.39371952294986723 0.7611126995176769 0.07909741243359895 0.09998126140660073
4 0.30416666666666664 0.07037037037037037 0.07082516339869281 0.11109658678286131
4 0.7625 0.5388888888888889 0.06249183006535949 0.1073928830791576
4 0.2864583333333333 0.6037000726216413 0.06040849673202615 0.06665940450254176
4 0.25104166666666666 0.22777777777777777 0.052075163398692816 0.07035584604212057
4 0.05312295751633987 0.10370370370370371 0.04791258169934641 0.06665214233841685
4 0.33646037581699345 0.5148148148148148 0.031245915032679743 0.051837327523602046
4 0.709375 0.1685185185185185 0.04790849673202615 0.07776325344952797
4 0.7635416666666667 0.9444444444444445 0.043741830065359484 0.11850399419026872
4 0.9333333333333333 0.9722222222222222 0.03332516339869282 0.06294843863471317
11 0.7489583333333333 0.7537037037037038 0.36457516339869284 0.42591140159767615
