6 0.8781249999999999 0.10370370370370371 0.06874183006535949 0.14072621641249095
6 0.6135416666666667 0.662962962962963 0.07290849673202615 0.1036891793754539
6 0.9249999999999999 0.34814814814814815 0.06249183006535949 0.1036891793754539
6 0.60625 0.5111111111111112 0.04165849673202615 0.051837327523602046
6 0.9104166666666667 0.8592592592592593 0.06249183006535949 0.11850399419026872
6 0.8385416666666666 0.9592592592592593 0.06457516339869282 0.08146695715323168
6 0.5947916666666666 0.7925925925925926 0.03957516339869282 0.08887436456063909
6 0.4114583333333333 0.6814814814814815 0.06874183006535949 0.08887436456063909
6 0.534375 0.5925925925925926 0.03957516339869282 0.05924473493100946
6 0.6322889598267623 0.19073751996878613 0.0895663455794504 0.15182958251433706
6 0.6927168793066322 0.3388888888888889 0.04372079565030139 0.15176954732510292
6 0.5083352670164111 0.3685213520959755 0.08331954533225716 0.09253548510846064
6 0.5000000370911076 0.5203708902468062 0.04998241881498361 0.09998034867072794
16 0.5031245104949875 0.4777798367171554 0.293735314849624 0.311089686205703
