7 0.27604506941608814 0.45925923968614113 0.23540107073181796 0.1259088973131589
7 0.3135416341171262 0.32407644205232217 0.06457509829961203 0.07034371900734353
7 0.11667089721460722 0.27960856235912074 0.10831069990185128 0.07771703166035941
7 0.6552021840642178 0.25925843253968256 0.11455971233133427 0.037000110229276906
7 0.685419616049711 0.5296247016190878 0.033319200048140256 0.10367926617197547
7 0.8864773637820512 0.3629563170834083 0.18953458867521367 0.044414163218804384
4 0.38749949915173404 0.662909379286694 0.06248986087656754 0.08135716735253774
4 0.8343795687134502 0.5814794887001327 0.04790752923976609 0.051817257167635945
4 0.19583570075757575 0.5888888888888889 0.062495265151515156 0.0738425925925926
7 0.06979166666666667 0.3740740740740741 0.13540849673202615 0.07405954974582427
